21R_I1_5-10-6: 
X_Upper: 0000000000000100, 0000000000100000, 0000000001000000, 0000001000000000, 0001000000000000, 0000100000000000, 
X_Lower: 0000001010100001, 0000000100001000, 0000100000000000, 0001000000000000, 0000001000000000, 0000000001000000, 0000000000100000, 
K_Upper: 00000000000000000010, 00000000000000100000, 00000000001000000000, 00000010000000000000, 00100000000000000000, 00000000000000000100, 
K_Lower: 00000000010000000000, 00000000000001000000, 00000000000000000100, 00100000000000000000, 00000010000000000000, 00000000001000000000, 00000000000000100000, 



21R_O1_9-3-9:
X_Upper: 0000000001000111, 0000001000110000, 0001000011000000, 0000000000000100, 0000000000100000, 0000000001000000, 0000001000000000, 0001000000000000, 0000100000000000, 0000000100001000, 
X_Lower: 0000100000000000, 0001000000000000, 0000001000000000, 0000000001000000, 0000000000100000, 0000000000000100, 0001000011000000, 0000001000110000, 0000000001000111, 0000000011111001, 
K_Upper: 00000000000100000000, 00000001000000000000, 00010000000000000000, 00000000000000000010, 00000000000000100000, 00000000001000000000, 00000010000000000000, 00100000000000000000, 00000000000000000100, 00000000000001000000, 
K_Lower: 00000000000000000100, 00100000000000000000, 00000010000000000000, 00000000001000000000, 00000000000000100000, 00000000000000000010, 00010000000000000000, 00000001000000000000, 00000000000100000000, 00000000000000010000, 

21R_O1_8-4-9:
X_Upper: 0000000001000111, 0000001000110000, 0001000011000000, 0000000000000100, 0000000000100000, 0000000001000000, 0000001000000000, 0001000000000000, 0000100000000000, 
X_Lower: 0000100000000000, 0001000000000000, 0000001000000000, 0000000001000000, 0000000000100000, 0000000000000100, 0001000011000000, 0000001000110000, 0000000001000111, 0000000011111001, 
K_Upper: 00000000000100000000, 00000001000000000000, 00010000000000000000, 00000000000000000010, 00000000000000100000, 00000000001000000000, 00000010000000000000, 00100000000000000000, 00000000000000000100, 
K_Lower: 00000000000000000100, 00100000000000000000, 00000010000000000000, 00000000001000000000, 00000000000000100000, 00000000000000000010, 00010000000000000000, 00000001000000000000, 00000000000100000000, 00000000000000010000, 

21R_O1_9-4-8:
X_Upper: 0000000011111001, 0000000001000111, 0000001000110000, 0001000011000000, 0000000000000100, 0000000000100000, 0000000001000000, 0000001000000000, 0001000000000000, 0000100000000000, 
X_Lower: 0000100000000000, 0001000000000000, 0000001000000000, 0000000001000000, 0000000000100000, 0000000000000100, 0001000011000000, 0000001000110000, 0000000001000111, 
K_Upper: 00000000000000010000, 00000000000100000000, 00000001000000000000, 00010000000000000000, 00000000000000000010, 00000000000000100000, 00000000001000000000, 00000010000000000000, 00100000000000000000, 00000000000000000100, 
K_Lower: 00000000000000000100, 00100000000000000000, 00000010000000000000, 00000000001000000000, 00000000000000100000, 00000000000000000010, 00010000000000000000, 00000001000000000000, 00000000000100000000, 

21R_O1_8-5-8:
X_Upper: 0000000001000111, 0000001000110000, 0001000011000000, 0000000000000100, 0000000000100000, 0000000001000000, 0000001000000000, 0001000000000000, 0000100000000000, 
X_Lower: 0000100000000000, 0001000000000000, 0000001000000000, 0000000001000000, 0000000000100000, 0000000000000100, 0001000011000000, 0000001000110000, 0000000001000111, 
K_Upper: 00000000000100000000, 00000001000000000000, 00010000000000000000, 00000000000000000010, 00000000000000100000, 00000000001000000000, 00000010000000000000, 00100000000000000000, 00000000000000000100, 
K_Lower: 00000000000000000100, 00100000000000000000, 00000010000000000000, 00000000001000000000, 00000000000000100000, 00000000000000000010, 00010000000000000000, 00000001000000000000, 00000000000100000000, 

21R_O1_7-6-8:
X_Upper: 0000000001000111, 0000001000110000, 0001000011000000, 0000000000000100, 0000000000100000, 0000000001000000, 0000001000000000, 0001000000000000, 
X_Lower: 0000100000000000, 0001000000000000, 0000001000000000, 0000000001000000, 0000000000100000, 0000000000000100, 0001000011000000, 0000001000110000, 0000000001000111, 
K_Upper: 00000000000100000000, 00000001000000000000, 00010000000000000000, 00000000000000000010, 00000000000000100000, 00000000001000000000, 00000010000000000000, 00100000000000000000, 
K_Lower: 00000000000000000100, 00100000000000000000, 00000010000000000000, 00000000001000000000, 00000000000000100000, 00000000000000000010, 00010000000000000000, 00000001000000000000, 00000000000100000000, 

21R_O1_8-6-7:
X_Upper: 0000000001000111, 0000001000110000, 0001000011000000, 0000000000000100, 0000000000100000, 0000000001000000, 0000001000000000, 0001000000000000, 0000100000000000, 
X_Lower: 0000100000000000, 0001000000000000, 0000001000000000, 0000000001000000, 0000000000100000, 0000000000000100, 0001000011000000, 0000001000110000, 
K_Upper: 00000000000100000000, 00000001000000000000, 00010000000000000000, 00000000000000000010, 00000000000000100000, 00000000001000000000, 00000010000000000000, 00100000000000000000, 00000000000000000100, 
K_Lower: 00000000000000000100, 00100000000000000000, 00000010000000000000, 00000000001000000000, 00000000000000100000, 00000000000000000010, 00010000000000000000, 00000001000000000000, 

21R_O1_7-7-7:
X_Upper: 0000000001000111, 0000001000110000, 0001000011000000, 0000000000000100, 0000000000100000, 0000000001000000, 0000001000000000, 0001000000000000, 
X_Lower: 0000100000000000, 0001000000000000, 0000001000000000, 0000000001000000, 0000000000100000, 0000000000000100, 0001000011000000, 0000001000110000, 
K_Upper: 00000000000100000000, 00000001000000000000, 00010000000000000000, 00000000000000000010, 00000000000000100000, 00000000001000000000, 00000010000000000000, 00100000000000000000, 
K_Lower: 00000000000000000100, 00100000000000000000, 00000010000000000000, 00000000001000000000, 00000000000000100000, 00000000000000000010, 00010000000000000000, 00000001000000000000, 

21R_O1_6-8-7:
X_Upper: 0000001000110000, 0001000011000000, 0000000000000100, 0000000000100000, 0000000001000000, 0000001000000000, 0001000000000000, 
X_Lower: 0000100000000000, 0001000000000000, 0000001000000000, 0000000001000000, 0000000000100000, 0000000000000100, 0001000011000000, 0000001000110000, 
K_Upper: 00000001000000000000, 00010000000000000000, 00000000000000000010, 00000000000000100000, 00000000001000000000, 00000010000000000000, 00100000000000000000, 
K_Lower: 00000000000000000100, 00100000000000000000, 00000010000000000000, 00000000001000000000, 00000000000000100000, 00000000000000000010, 00010000000000000000, 00000001000000000000, 



21R_O2_9-3-9:
X_Upper: 0000000001000111, 0000001000110000, 0001000011000000, 0000000000000100, 0000000000100000, 0000000001000000, 0000001000000000, 0001000000000000, 0000100000000000, 0000000100001000, 
X_Lower: 0000000100001000, 0000100000000000, 0001000000000000, 0000001000000000, 0000000001000000, 0000000000100000, 0000000000000100, 0001000011000000, 0000001000110000, 0000000001000111, 
K_Upper: 00000000000100000000, 00000001000000000000, 00010000000000000000, 00000000000000000010, 00000000000000100000, 00000000001000000000, 00000010000000000000, 00100000000000000000, 00000000000000000100, 00000000000001000000, 
K_Lower: 00000000000001000000, 00000000000000000100, 00100000000000000000, 00000010000000000000, 00000000001000000000, 00000000000000100000, 00000000000000000010, 00010000000000000000, 00000001000000000000, 00000000000100000000, 

21R_O2_8-4-9:
X_Upper: 0000000001000111, 0000001000110000, 0001000011000000, 0000000000000100, 0000000000100000, 0000000001000000, 0000001000000000, 0001000000000000, 0000100000000000, 
X_Lower: 0000000100001000, 0000100000000000, 0001000000000000, 0000001000000000, 0000000001000000, 0000000000100000, 0000000000000100, 0001000011000000, 0000001000110000, 0000000001000111, 
K_Upper: 00000000000100000000, 00000001000000000000, 00010000000000000000, 00000000000000000010, 00000000000000100000, 00000000001000000000, 00000010000000000000, 00100000000000000000, 00000000000000000100, 
K_Lower: 00000000000001000000, 00000000000000000100, 00100000000000000000, 00000010000000000000, 00000000001000000000, 00000000000000100000, 00000000000000000010, 00010000000000000000, 00000001000000000000, 00000000000100000000, 

21R_O2_9-4-8:
X_Upper: 0000000001000111, 0000001000110000, 0001000011000000, 0000000000000100, 0000000000100000, 0000000001000000, 0000001000000000, 0001000000000000, 0000100000000000, 0000000100001000, 
X_Lower: 0000000100001000, 0000100000000000, 0001000000000000, 0000001000000000, 0000000001000000, 0000000000100000, 0000000000000100, 0001000011000000, 0000001000110000, 
K_Upper: 00000000000100000000, 00000001000000000000, 00010000000000000000, 00000000000000000010, 00000000000000100000, 00000000001000000000, 00000010000000000000, 00100000000000000000, 00000000000000000100, 00000000000001000000, 
K_Lower: 00000000000001000000, 00000000000000000100, 00100000000000000000, 00000010000000000000, 00000000001000000000, 00000000000000100000, 00000000000000000010, 00010000000000000000, 00000001000000000000, 

21R_O2_8-5-8:
X_Upper: 0000000001000111, 0000001000110000, 0001000011000000, 0000000000000100, 0000000000100000, 0000000001000000, 0000001000000000, 0001000000000000, 0000100000000000, 
X_Lower: 0000000100001000, 0000100000000000, 0001000000000000, 0000001000000000, 0000000001000000, 0000000000100000, 0000000000000100, 0001000011000000, 0000001000110000, 
K_Upper: 00000000000100000000, 00000001000000000000, 00010000000000000000, 00000000000000000010, 00000000000000100000, 00000000001000000000, 00000010000000000000, 00100000000000000000, 00000000000000000100, 
K_Lower: 00000000000001000000, 00000000000000000100, 00100000000000000000, 00000010000000000000, 00000000001000000000, 00000000000000100000, 00000000000000000010, 00010000000000000000, 00000001000000000000, 

21R_O2_7-6-8:
X_Upper: 0000000001000111, 0000001000110000, 0001000011000000, 0000000000000100, 0000000000100000, 0000000001000000, 0000001000000000, 0001000000000000, 
X_Lower: 0000000100001000, 0000100000000000, 0001000000000000, 0000001000000000, 0000000001000000, 0000000000100000, 0000000000000100, 0001000011000000, 0000001000110000, 
K_Upper: 00000000000100000000, 00000001000000000000, 00010000000000000000, 00000000000000000010, 00000000000000100000, 00000000001000000000, 00000010000000000000, 00100000000000000000, 
K_Lower: 00000000000001000000, 00000000000000000100, 00100000000000000000, 00000010000000000000, 00000000001000000000, 00000000000000100000, 00000000000000000010, 00010000000000000000, 00000001000000000000, 

21R_O2_8-6-7:
X_Upper: 0000000001000111, 0000001000110000, 0001000011000000, 0000000000000100, 0000000000100000, 0000000001000000, 0000001000000000, 0001000000000000, 0000100000000000, 
X_Lower: 0000000100001000, 0000100000000000, 0001000000000000, 0000001000000000, 0000000001000000, 0000000000100000, 0000000000000100, 0001000011000000, 
K_Upper: 00000000000100000000, 00000001000000000000, 00010000000000000000, 00000000000000000010, 00000000000000100000, 00000000001000000000, 00000010000000000000, 00100000000000000000, 00000000000000000100, 
K_Lower: 00000000000001000000, 00000000000000000100, 00100000000000000000, 00000010000000000000, 00000000001000000000, 00000000000000100000, 00000000000000000010, 00010000000000000000, 

21R_O2_7-7-7:
X_Upper: 0000000001000111, 0000001000110000, 0001000011000000, 0000000000000100, 0000000000100000, 0000000001000000, 0000001000000000, 0001000000000000, 
X_Lower: 0000000100001000, 0000100000000000, 0001000000000000, 0000001000000000, 0000000001000000, 0000000000100000, 0000000000000100, 0001000011000000, 
K_Upper: 00000000000100000000, 00000001000000000000, 00010000000000000000, 00000000000000000010, 00000000000000100000, 00000000001000000000, 00000010000000000000, 00100000000000000000, 
K_Lower: 00000000000001000000, 00000000000000000100, 00100000000000000000, 00000010000000000000, 00000000001000000000, 00000000000000100000, 00000000000000000010, 00010000000000000000, 

21R_O2_7-8-6:
X_Upper: 0000000001000111, 0000001000110000, 0001000011000000, 0000000000000100, 0000000000100000, 0000000001000000, 0000001000000000, 0001000000000000, 
X_Lower: 0000000100001000, 0000100000000000, 0001000000000000, 0000001000000000, 0000000001000000, 0000000000100000, 0000000000000100, 
K_Upper: 00000000000100000000, 00000001000000000000, 00010000000000000000, 00000000000000000010, 00000000000000100000, 00000000001000000000, 00000010000000000000, 00100000000000000000, 
K_Lower: 00000000000001000000, 00000000000000000100, 00100000000000000000, 00000010000000000000, 00000000001000000000, 00000000000000100000, 00000000000000000010, 

21R_O2_6-9-6:
X_Upper: 0000001100110000, 0001000011000000, 0000000000000100, 0000000000100000, 0000000001000000, 0000001000000000, 0001000000000000, 
X_Lower: 0000000100001000, 0000100000000000, 0001000000000000, 0000001000000000, 0000000001000000, 0000000000100000, 0000000000000100, 
K_Upper: 00000001000000000000, 00010000000000000000, 00000000000000000010, 00000000000000100000, 00000000001000000000, 00000010000000000000, 00100000000000000000, 
K_Lower: 00000000000001000000, 00000000000000000100, 00100000000000000000, 00000010000000000000, 00000000001000000000, 00000000000000100000, 00000000000000000010, 

21R_O2_5-10-6:
X_Upper: 0001000011000000, 0000000000000100, 0000000000100000, 0000000001000000, 0000001000000000, 0001000000000000, 
X_Lower: 0000000100001000, 0000100000000000, 0001000000000000, 0000001000000000, 0000000001000000, 0000000000100000, 0000000000000100, 
K_Upper: 00010000000000000000, 00000000000000000010, 00000000000000100000, 00000000001000000000, 00000010000000000000, 00100000000000000000, 
K_Lower: 00000000000001000000, 00000000000000000100, 00100000000000000000, 00000010000000000000, 00000000001000000000, 00000000000000100000, 00000000000000000010, 

21R_O2_6-10-5:
X_Upper: 0000001000110000, 0001000011000000, 0000000000000100, 0000000000100000, 0000000001000000, 0000001000000000, 0001000000000000, 
X_Lower: 0000000100001000, 0000100000000000, 0001000000000000, 0000001000000000, 0000000001000000, 0000000000100000, 
K_Upper: 00000001000000000000, 00010000000000000000, 00000000000000000010, 00000000000000100000, 00000000001000000000, 00000010000000000000, 00100000000000000000, 
K_Lower: 00000000000001000000, 00000000000000000100, 00100000000000000000, 00000010000000000000, 00000000001000000000, 00000000000000100000, 

21R_O2_5-11-5:
X_Upper: 0001000011000000, 0000000000000100, 0000000000100000, 0000000001000000, 0000001000000000, 0001000000000000, 
X_Lower: 0000000100001000, 0000100000000000, 0001000000000000, 0000001000000000, 0000000001000000, 0000000000100000, 
K_Upper: 00010000000000000000, 00000000000000000010, 00000000000000100000, 00000000001000000000, 00000010000000000000, 00100000000000000000, 
K_Lower: 00000000000001000000, 00000000000000000100, 00100000000000000000, 00000010000000000000, 00000000001000000000, 00000000000000100000, 



21R_IO4_7-7-7:
X_Upper: 0000001000110000, 0001000011000000, 0000000000000100, 0000000000100000, 0000000001000000, 0000001000000000, 0001000000000000, 0000100000000000, 
X_Lower: 0000100000000000, 0001000000000000, 0000001000000000, 0000000001000000, 0000000000100000, 0000000000000100, 0001000011000000, 0000001000110000, 
K_Upper: 00000001000000000000, 00010000000000000000, 00000000000000000010, 00000000000000100000, 00000000001000000000, 00000010000000000000, 00100000000000000000, 00000000000000000100, 
K_Lower: 00000000000000000100, 00100000000000000000, 00000010000000000000, 00000000001000000000, 00000000000000100000, 00000000000000000010, 00010000000000000000, 00000001000000000000, 



21R_IO5_9-4-8:
X_Upper: 0000000001000111, 0000001000110000, 0001000011000000, 0000000000000100, 0000000000100000, 0000000001000000, 0000001000000000, 0001000000000000, 0000100000000000, 0000000100001000, 
X_Lower: 0000100000000000, 0001000000000000, 0000001000000000, 0000000001000000, 0000000000100000, 0000000000000100, 0001000011000000, 0000001000110000, 0000000001000111, 
K_Upper: 00000000000100000000, 00000001000000000000, 00010000000000000000, 00000000000000000010, 00000000000000100000, 00000000001000000000, 00000010000000000000, 00100000000000000000, 00000000000000000100, 00000000000001000000, 
K_Lower: 00000000000000000100, 00100000000000000000, 00000010000000000000, 00000000001000000000, 00000000000000100000, 00000000000000000010, 00010000000000000000, 00000001000000000000, 00000000000100000000, 

21R_IO5_7-6-8:
X_Upper: 0000001000110000, 0001000011000000, 0000000000000100, 0000000000100000, 0000000001000000, 0000001000000000, 0001000000000000, 0000100000000000, 
X_Lower: 0000000100001000, 0000100000000000, 0001000000000000, 0000001000000000, 0000000001000000, 0000000000100000, 0000000000000100, 0001000011000000, 0000001000110000, 
K_Upper: 00000001000000000000, 00010000000000000000, 00000000000000000010, 00000000000000100000, 00000000001000000000, 00000010000000000000, 00100000000000000000, 00000000000000000100, 
K_Lower: 00000000000001000000, 00000000000000000100, 00100000000000000000, 00000010000000000000, 00000000001000000000, 00000000000000100000, 00000000000000000010, 00010000000000000000, 00000001000000000000, 

21R_IO5_6-8-7:
X_Upper: 0000001100110000, 0001000011000000, 0000000000000100, 0000000000100000, 0000000001000000, 0000001000000000, 0001000000000000, 
X_Lower: 0000100000000000, 0001000000000000, 0000001000000000, 0000000001000000, 0000000000100000, 0000000000000100, 0001000011000000, 0000001000110000, 
K_Upper: 00000001000000000000, 00010000000000000000, 00000000000000000010, 00000000000000100000, 00000000001000000000, 00000010000000000000, 00100000000000000000, 
K_Lower: 00000000000000000100, 00100000000000000000, 00000010000000000000, 00000000001000000000, 00000000000000100000, 00000000000000000010, 00010000000000000000, 00000001000000000000, 

21R_IO5_7-8-6:
X_Upper: 0000001000110000, 0001000011000000, 0000000000000100, 0000000000100000, 0000000001000000, 0000001000000000, 0001000000000000, 0000100000000000, 
X_Lower: 0000000100001000, 0000100000000000, 0001000000000000, 0000001000000000, 0000000001000000, 0000000000100000, 0000000000000100, 
K_Upper: 00000001000000000000, 00010000000000000000, 00000000000000000010, 00000000000000100000, 00000000001000000000, 00000010000000000000, 00100000000000000000, 00000000000000000100, 
K_Lower: 00000000000001000000, 00000000000000000100, 00100000000000000000, 00000010000000000000, 00000000001000000000, 00000000000000100000, 00000000000000000010, 

21R_IO5_6-9-6:
X_Upper: 0000001000110000, 0001000011000000, 0000000000000100, 0000000000100000, 0000000001000000, 0000001000000000, 0001000000000000, 
X_Lower: 0000000100001000, 0000100000000000, 0001000000000000, 0000001000000000, 0000000001000000, 0000000000100000, 0000000000000100, 
K_Upper: 00000001000000000000, 00010000000000000000, 00000000000000000010, 00000000000000100000, 00000000001000000000, 00000010000000000000, 00100000000000000000, 
K_Lower: 00000000000001000000, 00000000000000000100, 00100000000000000000, 00000010000000000000, 00000000001000000000, 00000000000000100000, 00000000000000000010, 



21R_IO6_6-10-5:
X_Upper: 0000001100110000, 0001000011000000, 0000000000000100, 0000000000100000, 0000000001000000, 0000001000000000, 0001000000000000, 
X_Lower: 0000000100001000, 0000100000000000, 0001000000000000, 0000001000000000, 0000000001000000, 0000000000100000, 
K_Upper: 00000001000000000000, 00010000000000000000, 00000000000000000010, 00000000000000100000, 00000000001000000000, 00000010000000000000, 00100000000000000000, 
K_Lower: 00000000000001000000, 00000000000000000100, 00100000000000000000, 00000010000000000000, 00000000001000000000, 00000000000000100000, 

