24R_I2_8-8-8:
X_Upper: 0000000000010100, 0000000000100000, 0000000001000000, 0000000000000000, 0000000000000000, 1000000000000000, 0000010000000000, 0000000000001000, 0000000000000001, 
X_Lower: 1001000110001000, 0100101000000000, 0010000001000000, 0000000000100000, 0000000000000000, 0000000000000000, 0000000000000000, 0000000000000000, 0000000000000000, 
K_Upper: 00000000000000000010001001000000, 00000000000000100010010000000000, 00000000001000100100000000000000, 00000010001001000000000000000000, 00100010010000000000000000000000, 00100100000000000000000000000100, 01000000000000000000000001000100, 00000000000000000000010001001000, 00000000000000000100010010000000, 
K_Lower: 10000000000010000000000000000000, 00000000000000001000000000000000, 00000000000000000000100000000000, 00000000000000000000000010000000, 00000000000000000000000000001000, 01000000000000000000000000000000, 00000100000000000000000000000000, 00000000010000000000000000000000, 00000000000001000000000000000000, 

X_Upper: 
K_Upper: 

24R_I2_8-9-7:
X_Upper: 0000000000010100, 0000000000100000, 0000000001000000, 0000000000000000, 0000000000000000, 1000000000000000, 0000010000000000, 0000000000001000, 0000000000000001, 
X_Lower: 1001000110001000, 0100101000000000, 0010000001000000, 0000000000100000, 0000000000000000, 0000000000000000, 0000000000000000, 0000000000000000, 
K_Upper: 00000000000000000010001001000000, 00000000000000100010010000000000, 00000000001000100100000000000000, 00000010001001000000000000000000, 00100010010000000000000000000000, 00100100000000000000000000000100, 01000000000000000000000001000100, 00000000000000000000010001001000, 00000000000000000100010010000000, 
K_Lower: 10000000000010000000000000000000, 00000000000000001000000000000000, 00000000000000000000100000000000, 00000000000000000000000010000000, 00000000000000000000000000001000, 01000000000000000000000000000000, 00000100000000000000000000000000, 00000000010000000000000000000000, 

X_Upper: 
K_Upper: 

X_Upper: 
K_Upper: 

X_Upper: 
K_Upper: 

24R_O2_8-7-9:
X_Upper: 0000000011001101, 0000000000000111, 0000000000110000, 0000000001000000, 0000000000000000, 0000000000000000, 0000000000000000, 0000000000000000, 0000000000000000, 
X_Lower: 0000001000000010, 0000000000000001, 0000000000001000, 0000010000000000, 1000000000000000, 0000000000000000, 0000000000000000, 0000000001000000, 0000000000100000, 0000000000010100, 
K_Upper: 00000000000000000000000000000100, 00000000000000000000000001000000, 00000000000000000000010000000000, 00000000000000000100000000000000, 00000000000001000000000000000000, 00000000010000000000000000000000, 00000100000000000000000000000000, 01000000000000000000000000000000, 00000000000000000000000000001000, 
K_Lower: 00000000000001000100100000000000, 00000000000000000100010010000000, 00000000000000000000010001001000, 01000000000000000000000001000100, 00100100000000000000000000000100, 00100010010000000000000000000000, 00000010001001000000000000000000, 00000000001000100100000000000000, 00000000000000100010010000000000, 00000000000000000010001001000000, 

X_Upper: 
K_Upper: 

24R_O2_9-7-8:
X_Upper: 0000000011001101, 0000000000000111, 0000000000110000, 0000000001000000, 0000000000000000, 0000000000000000, 0000000000000000, 0000000000000000, 0000000000000000, 0000000000100000, 
X_Lower: 0000001000000010, 0000000000000001, 0000000000001000, 0000010000000000, 1000000000000000, 0000000000000000, 0000000000000000, 0000000001000000, 0000000000100000, 
K_Upper: 00000000000000000000000000000100, 00000000000000000000000001000000, 00000000000000000000010000000000, 00000000000000000100000000000000, 00000000000001000000000000000000, 00000000010000000000000000000000, 00000100000000000000000000000000, 01000000000000000000000000000000, 00000000000000000000000000001000, 00000000000000000000000010000000, 
K_Lower: 00000000000001000100100000000000, 00000000000000000100010010000000, 00000000000000000000010001001000, 01000000000000000000000001000100, 00100100000000000000000000000100, 00100010010000000000000000000000, 00000010001001000000000000000000, 00000000001000100100000000000000, 00000000000000100010010000000000, 

X_Upper: 
K_Upper: 

24R_O2_8-8-8:
X_Upper: 0000000011001101, 0000000000000111, 0000000000110000, 0000000001000000, 0000000000000000, 0000000000000000, 0000000000000000, 0000000000000000, 0000000000000000, 
X_Lower: 0000001000000010, 0000000000000001, 0000000000001000, 0000010000000000, 1000000000000000, 0000000000000000, 0000000000000000, 0000000001000000, 0000000000100000, 
K_Upper: 00000000000000000000000000000100, 00000000000000000000000001000000, 00000000000000000000010000000000, 00000000000000000100000000000000, 00000000000001000000000000000000, 00000000010000000000000000000000, 00000100000000000000000000000000, 01000000000000000000000000000000, 00000000000000000000000000001000, 
K_Lower: 00000000000001000100100000000000, 00000000000000000100010010000000, 00000000000000000000010001001000, 01000000000000000000000001000100, 00100100000000000000000000000100, 00100010010000000000000000000000, 00000010001001000000000000000000, 00000000001000100100000000000000, 00000000000000100010010000000000, 

X_Upper: 
K_Upper: 

24R_O2_7-9-8:
X_Upper: 0000000011001101, 0000000000000111, 0000000000110000, 0000000001000000, 0000000000000000, 0000000000000000, 0000000000000000, 0000000000000000, 
X_Lower: 0000001000000010, 0000000000000001, 0000000000001000, 0000010000000000, 1000000000000000, 0000000000000000, 0000000000000000, 0000000001000000, 0000000000100000, 
K_Upper: 00000000000000000000000000000100, 00000000000000000000000001000000, 00000000000000000000010000000000, 00000000000000000100000000000000, 00000000000001000000000000000000, 00000000010000000000000000000000, 00000100000000000000000000000000, 01000000000000000000000000000000, 
K_Lower: 00000000000001000100100000000000, 00000000000000000100010010000000, 00000000000000000000010001001000, 01000000000000000000000001000100, 00100100000000000000000000000100, 00100010010000000000000000000000, 00000010001001000000000000000000, 00000000001000100100000000000000, 00000000000000100010010000000000, 

X_Upper: 
K_Upper: 

X_Upper: 
K_Upper: 

X_Upper: 
K_Upper: 

24R_IO5_7-9-8:
X_Upper: 0000000000000111, 0000000000110000, 0000000001000000, 0000000000000000, 0000000000000000, 0000000000000000, 0000000000000000, 0000000000000000, 
X_Lower: 0000001000000010, 0000000000000001, 0000000000001000, 0000010000000000, 1000000000000000, 0000000000000000, 0000000000000000, 0000000001000000, 0000000000100000, 
K_Upper: 00000000000000000000000001000000, 00000000000000000000010000000000, 00000000000000000100000000000000, 00000000000001000000000000000000, 00000000010000000000000000000000, 00000100000000000000000000000000, 01000000000000000000000000000000, 00000000000000000000000000001000, 
K_Lower: 00000000000001000100100000000000, 00000000000000000100010010000000, 00000000000000000000010001001000, 01000000000000000000000001000100, 00100100000000000000000000000100, 00100010010000000000000000000000, 00000010001001000000000000000000, 00000000001000100100000000000000, 00000000000000100010010000000000, 

X_Upper: 
K_Upper: 

X_Upper: 
K_Upper: 

X_Upper: 
K_Upper: 

24R_IO6_7-9-8:
X_Upper: 0000000000000111, 0000000000110000, 0000000001000000, 0000000000000000, 0000000000000000, 0000000000000000, 0000000000000000, 0000000000000000, 
X_Lower: 0100101000000000, 0010000001000000, 0000000000100000, 0000000000000000, 0000000000000000, 0000000000000000, 0000000000000000, 0000000000000000, 0000000001000000, 
K_Upper: 00000000000000000000000001000000, 00000000000000000000010000000000, 00000000000000000100000000000000, 00000000000001000000000000000000, 00000000010000000000000000000000, 00000100000000000000000000000000, 01000000000000000000000000000000, 00000000000000000000000000001000, 
K_Lower: 00000000000000001000000000000000, 00000000000000000000100000000000, 00000000000000000000000010000000, 00000000000000000000000000001000, 01000000000000000000000000000000, 00000100000000000000000000000000, 00000000010000000000000000000000, 00000000000001000000000000000000, 00000000000000000100000000000000, 

X_Upper: 
K_Upper: 

24R_IO6_8-9-7:
X_Upper: 0000000000000111, 0000000000110000, 0000000001000000, 0000000000000000, 0000000000000000, 0000000000000000, 0000000000000000, 0000000000000000, 0000000000100000, 
X_Lower: 0100101000000000, 0010000001000000, 0000000000100000, 0000000000000000, 0000000000000000, 0000000000000000, 0000000000000000, 0000000000000000, 
K_Upper: 00000000000000000000000001000000, 00000000000000000000010000000000, 00000000000000000100000000000000, 00000000000001000000000000000000, 00000000010000000000000000000000, 00000100000000000000000000000000, 01000000000000000000000000000000, 00000000000000000000000000001000, 00000000000000000000000010000000, 
K_Lower: 00000000000000001000000000000000, 00000000000000000000100000000000, 00000000000000000000000010000000, 00000000000000000000000000001000, 01000000000000000000000000000000, 00000100000000000000000000000000, 00000000010000000000000000000000, 00000000000001000000000000000000, 

X_Upper: 
K_Upper: 

24R_IO6_7-10-7:
X_Upper: 0000000000000111, 0000000000110000, 0000000001000000, 0000000000000000, 0000000000000000, 0000000000000000, 0000000000000000, 0000000000000000, 
X_Lower: 0100101000000000, 0010000001000000, 0000000000100000, 0000000000000000, 0000000000000000, 0000000000000000, 0000000000000000, 0000000000000000, 
K_Upper: 00000000000000000000000001000000, 00000000000000000000010000000000, 00000000000000000100000000000000, 00000000000001000000000000000000, 00000000010000000000000000000000, 00000100000000000000000000000000, 01000000000000000000000000000000, 00000000000000000000000000001000, 
K_Lower: 00000000000000001000000000000000, 00000000000000000000100000000000, 00000000000000000000000010000000, 00000000000000000000000000001000, 01000000000000000000000000000000, 00000100000000000000000000000000, 00000000010000000000000000000000, 00000000000001000000000000000000, 

X_Upper: 
K_Upper: 

24R_IO6_6-11-7:
X_Upper: 0000000000000111, 0000000000110000, 0000000001000000, 0000000000000000, 0000000000000000, 0000000000000000, 0000000000000000, 
X_Lower: 0100101000000000, 0010000001000000, 0000000000100000, 0000000000000000, 0000000000000000, 0000000000000000, 0000000000000000, 0000000000000000, 
K_Upper: 00000000000000000000000001000000, 00000000000000000000010000000000, 00000000000000000100000000000000, 00000000000001000000000000000000, 00000000010000000000000000000000, 00000100000000000000000000000000, 01000000000000000000000000000000, 
K_Lower: 00000000000000001000000000000000, 00000000000000000000100000000000, 00000000000000000000000010000000, 00000000000000000000000000001000, 01000000000000000000000000000000, 00000100000000000000000000000000, 00000000010000000000000000000000, 00000000000001000000000000000000, 

X_Upper: 
K_Upper: 

24R_IO6_7-11-6:
X_Upper: 0000000000000111, 0000000000110000, 0000000001000000, 0000000000000000, 0000000000000000, 0000000000000000, 0000000000000000, 0000000000000000, 
X_Lower: 0100101000000000, 0010000001000000, 0000000000100000, 0000000000000000, 0000000000000000, 0000000000000000, 0000000000000000, 
K_Upper: 00000000000000000000000001000000, 00000000000000000000010000000000, 00000000000000000100000000000000, 00000000000001000000000000000000, 00000000010000000000000000000000, 00000100000000000000000000000000, 01000000000000000000000000000000, 00000000000000000000000000001000, 
K_Lower: 00000000000000001000000000000000, 00000000000000000000100000000000, 00000000000000000000000010000000, 00000000000000000000000000001000, 01000000000000000000000000000000, 00000100000000000000000000000000, 00000000010000000000000000000000, 

X_Upper: 
K_Upper: 

24R_IO6_6-12-6:
X_Upper: 0000000000000111, 0000000000110000, 0000000001000000, 0000000000000000, 0000000000000000, 0000000000000000, 0000000000000000, 
X_Lower: 0100101000000000, 0010000001000000, 0000000000100000, 0000000000000000, 0000000000000000, 0000000000000000, 0000000000000000, 
K_Upper: 00000000000000000000000001000000, 00000000000000000000010000000000, 00000000000000000100000000000000, 00000000000001000000000000000000, 00000000010000000000000000000000, 00000100000000000000000000000000, 01000000000000000000000000000000, 
K_Lower: 00000000000000001000000000000000, 00000000000000000000100000000000, 00000000000000000000000010000000, 00000000000000000000000000001000, 01000000000000000000000000000000, 00000100000000000000000000000000, 00000000010000000000000000000000, 

X_Upper: 
K_Upper: 

24R_IO6_5-13-6:
X_Upper: 0000000000000111, 0000000000110000, 0000000001000000, 0000000000000000, 0000000000000000, 0000000000000000, 
X_Lower: 0100101000000000, 0010000001000000, 0000000000100000, 0000000000000000, 0000000000000000, 0000000000000000, 0000000000000000, 
K_Upper: 00000000000000000000000001000000, 00000000000000000000010000000000, 00000000000000000100000000000000, 00000000000001000000000000000000, 00000000010000000000000000000000, 00000100000000000000000000000000, 
K_Lower: 00000000000000001000000000000000, 00000000000000000000100000000000, 00000000000000000000000010000000, 00000000000000000000000000001000, 01000000000000000000000000000000, 00000100000000000000000000000000, 00000000010000000000000000000000, 

X_Upper: 
K_Upper: 

24R_IO6_6-13-5:
X_Upper: 0000000000000111, 0000000000110000, 0000000001000000, 0000000000000000, 0000000000000000, 0000000000000000, 0000000000000000, 
X_Lower: 0100101000000000, 0010000001000000, 0000000000100000, 0000000000000000, 0000000000000000, 0000000000000000, 
K_Upper: 00000000000000000000000001000000, 00000000000000000000010000000000, 00000000000000000100000000000000, 00000000000001000000000000000000, 00000000010000000000000000000000, 00000100000000000000000000000000, 01000000000000000000000000000000, 
K_Lower: 00000000000000001000000000000000, 00000000000000000000100000000000, 00000000000000000000000010000000, 00000000000000000000000000001000, 01000000000000000000000000000000, 00000100000000000000000000000000, 

X_Upper: 
K_Upper: 

24R_IO6_5-14-5:
X_Upper: 0000000000000111, 0000000000110000, 0000000001000000, 0000000000000000, 0000000000000000, 0000000000000000, 
X_Lower: 0100101000000000, 0010000001000000, 0000000000100000, 0000000000000000, 0000000000000000, 0000000000000000, 
K_Upper: 00000000000000000000000001000000, 00000000000000000000010000000000, 00000000000000000100000000000000, 00000000000001000000000000000000, 00000000010000000000000000000000, 00000100000000000000000000000000, 
K_Lower: 00000000000000001000000000000000, 00000000000000000000100000000000, 00000000000000000000000010000000, 00000000000000000000000000001000, 01000000000000000000000000000000, 00000100000000000000000000000000, 

X_Upper: 
K_Upper: 

24R_IO6_4-15-5:
X_Upper: 0000000000000111, 0000000000110000, 0000000001000000, 0000000000000000, 0000000000000000, 
X_Lower: 0100101000000000, 0010000001000000, 0000000000100000, 0000000000000000, 0000000000000000, 0000000000000000, 
K_Upper: 00000000000000000000000001000000, 00000000000000000000010000000000, 00000000000000000100000000000000, 00000000000001000000000000000000, 00000000010000000000000000000000, 
K_Lower: 00000000000000001000000000000000, 00000000000000000000100000000000, 00000000000000000000000010000000, 00000000000000000000000000001000, 01000000000000000000000000000000, 00000100000000000000000000000000, 

X_Upper: 
K_Upper: 

24R_IO6_5-15-4:
X_Upper: 0000000000000111, 0000000000110000, 0000000001000000, 0000000000000000, 0000000000000000, 0000000000000000, 
X_Lower: 0100101000000000, 0010000001000000, 0000000000100000, 0000000000000000, 0000000000000000, 
K_Upper: 00000000000000000000000001000000, 00000000000000000000010000000000, 00000000000000000100000000000000, 00000000000001000000000000000000, 00000000010000000000000000000000, 00000100000000000000000000000000, 
K_Lower: 00000000000000001000000000000000, 00000000000000000000100000000000, 00000000000000000000000010000000, 00000000000000000000000000001000, 01000000000000000000000000000000, 

X_Upper: 
K_Upper: 

24R_IO6_4-16-4:
X_Upper: 0000000000000111, 0000000000110000, 0000000001000000, 0000000000000000, 0000000000000000, 
X_Lower: 0100101000000000, 0010000001000000, 0000000000100000, 0000000000000000, 0000000000000000, 
K_Upper: 00000000000000000000000001000000, 00000000000000000000010000000000, 00000000000000000100000000000000, 00000000000001000000000000000000, 00000000010000000000000000000000, 
K_Lower: 00000000000000001000000000000000, 00000000000000000000100000000000, 00000000000000000000000010000000, 00000000000000000000000000001000, 01000000000000000000000000000000, 

X_Upper: 
K_Upper: 

24R_IO6_3-17-4:
X_Upper: 0000000000000111, 0000000000110000, 0000000001000000, 0000000000000000, 
X_Lower: 0100101000000000, 0010000001000000, 0000000000100000, 0000000000000000, 0000000000000000, 
K_Upper: 00000000000000000000000001000000, 00000000000000000000010000000000, 00000000000000000100000000000000, 00000000000001000000000000000000, 
K_Lower: 00000000000000001000000000000000, 00000000000000000000100000000000, 00000000000000000000000010000000, 00000000000000000000000000001000, 01000000000000000000000000000000, 

X_Upper: 
K_Upper: 

24R_IO6_4-17-3:
X_Upper: 0000000000000111, 0000000000110000, 0000000001000000, 0000000000000000, 0000000000000000, 
X_Lower: 0100101000000000, 0010000001000000, 0000000000100000, 0000000000000000, 
K_Upper: 00000000000000000000000001000000, 00000000000000000000010000000000, 00000000000000000100000000000000, 00000000000001000000000000000000, 00000000010000000000000000000000, 
K_Lower: 00000000000000001000000000000000, 00000000000000000000100000000000, 00000000000000000000000010000000, 00000000000000000000000000001000, 

X_Upper: 
K_Upper: 

24R_IO6_3-18-3:
X_Upper: 0000000000000111, 0000000000110000, 0000000001000000, 0000000000000000, 
X_Lower: 0100101000000000, 0010000001000000, 0000000000100000, 0000000000000000, 
K_Upper: 00000000000000000000000001000000, 00000000000000000000010000000000, 00000000000000000100000000000000, 00000000000001000000000000000000, 
K_Lower: 00000000000000001000000000000000, 00000000000000000000100000000000, 00000000000000000000000010000000, 00000000000000000000000000001000, 

