23R_O1_8-8-7_Upper: 
{0,0,0,0,0,0,0,0,0,0,0,0,0,0,0,0}   {0,0,0,0,0,0,0,0,0,0,0,0,0,0,0,0,0,0,0,0,0,0,0,0,0,0,0,0,1,0,0,0}
23R_O1_8-8-7_Lower: 
{0,0,0,0,0,0,0,0,0,0,11,0,0,0,0,0}   {0,0,0,0,0,0,0,0,0,0,0,0,0,0,4,0,0,0,11,0,0,11,0,0,0,0,0,0,0,0,0,0}

23R_O1_7-9-7_Upper: 
{0,0,0,0,0,0,0,0,0,0,0,0,0,0,0,0}   {0,1,0,0,0,0,0,0,0,0,0,0,0,0,0,0,0,0,0,0,0,0,0,0,0,0,0,0,0,0,0,0}
23R_O1_7-9-7_Lower: 
{0,0,0,0,0,0,0,0,0,0,11,0,0,0,0,0}   {0,0,0,0,0,0,0,0,0,0,0,0,0,0,4,0,0,0,11,0,0,11,0,0,0,0,0,0,0,0,0,0}

23R_O1_6-10-7_Upper: 
{0,0,0,0,0,0,0,0,0,0,0,0,0,0,0,0}   {0,0,0,0,0,1,0,0,0,0,0,0,0,0,0,0,0,0,0,0,0,0,0,0,0,0,0,0,0,0,0,0}
23R_O1_6-1,0-7_Lower: 
{0,0,0,0,0,0,0,0,0,0,11,0,0,0,0,0}   {0,0,0,0,0,0,0,0,0,0,0,0,0,0,4,0,0,0,11,0,0,11,0,0,0,0,0,0,0,0,0,0}



23R_I2_8-7-8_Upper: 
{0,0,0,0,0,0,0,0,0,0,0,0,0,0,0,11}   {0,0,0,0,0,0,0,0,0,0,0,0,0,0,0,0,0,4,0,0,0,11,0,0,11,0,0,0,0,0,0,0}
23R_I2_8-7-8_Lower: 
{0,0,0,0,0,0,0,0,0,12,0,0,0,0,0,0}   {0,0,0,0,0,0,0,0,0,0,0,0,0,0,0,0,0,1,0,0,0,0,0,0,0,0,0,0,0,0,0,0}

23R_I2_8-8-7_Upper: 
{0,0,0,0,0,0,0,0,0,0,0,0,0,0,0,11}   {0,0,0,0,0,0,0,0,0,0,0,0,0,0,0,0,0,4,0,0,0,11,0,0,11,0,0,0,0,0,0,0}
23R_I2_8-8-7_Lower: 
{0,0,0,0,0,0,0,0,0,0,0,0,0,0,0,0}   {0,0,0,0,0,0,0,0,0,0,0,0,0,1,0,0,0,0,0,0,0,0,0,0,0,0,0,0,0,0,0,0}





23R_O2_9-6-8_Upper: 
{0,0,0,0,0,0,0,0,0,0,0,0,0,0,0,11}   {0,0,0,0,0,0,0,0,0,0,0,0,0,0,0,0,0,4,0,0,0,11,0,0,11,0,0,0,0,0,0,0}
23R_O2_9-6-8_Lower: 
{0,0,0,0,0,0,0,0,0,0,11,0,0,0,0,0}   {0,0,0,0,0,0,0,0,0,0,0,0,0,0,4,0,0,0,11,0,0,11,0,0,0,0,0,0,0,0,0,0}


23R_O2_8-7-8_Upper: 
{0,0,0,0,0,0,0,0,0,0,0,0,0,0,0,0}   {0,0,0,0,0,0,0,0,0,0,0,0,0,0,0,0,0,0,0,0,0,0,0,0,0,0,0,0,1,0,0,0}
23R_O2_8-7-8_Lower: 
{0,0,0,0,0,0,0,0,0,0,11,0,0,0,0,0}   {0,0,0,0,0,0,0,0,0,0,0,0,0,0,4,0,0,0,11,0,0,11,0,0,0,0,0,0,0,0,0,0}


23R_O2_7-8-8-v1_Upper: 
{0,0,0,0,0,0,0,0,0,0,0,0,0,0,0,0}   {0,0,0,0,0,0,0,0,0,0,0,0,0,0,0,0,0,0,0,0,0,0,0,0,0,0,0,0,1,0,0,0}
23R_O2_7-8-8-v1_Lower: 
{0,0,0,0,0,0,0,0,0,0,11,0,0,0,0,0}   {0,0,0,0,0,0,0,0,0,0,0,0,0,0,4,0,0,0,11,0,0,11,0,0,0,0,0,0,0,0,0,0}

23R_O2_7-8-8-v2_Upper: 
{0,0,0,0,0,0,0,0,0,0,0,0,0,0,0,0}   {0,1,0,0,0,0,0,0,0,0,0,0,0,0,0,0,0,0,0,0,0,0,0,0,0,0,0,0,0,0,0,0}
23R_O2_7-8-8-v2_Lower: 
{0,0,0,0,0,0,0,0,0,0,11,0,0,0,0,0}   {0,0,0,0,0,0,0,0,0,0,0,0,0,0,4,0,0,0,11,0,0,11,0,0,0,0,0,0,0,0,0,0}
