22R_O2_8-6-8: 
X_Upper: 0000000001000111, 0000001000110000, 0001000011000000, 0000000000000100, 0000000000100000, 0000000001000000, 0000001000000000, 0001000000000000, 0000100000000000, 
X_Lower: 0000000100001000, 0000100000000000, 0001000000000000, 0000001000000000, 0000000001000000, 0000000000100000, 0000000000000100, 0001000011000000, 0000001000110000, 
K_Upper: 00000000000100000000, 00000001000000000000, 00010000000000000000, 00000000000000000010, 00000000000000100000, 00000000001000000000, 00000010000000000000, 00100000000000000000, 00000000000000000100, 
K_Lower: 00000000000001000000, 00000000000000000100, 00100000000000000000, 00000010000000000000, 00000000001000000000, 00000000000000100000, 00000000000000000010, 00010000000000000000, 00000001000000000000, 

X_Upper: 
K_Upper: 

22R_O2_7-7-8: 
X_Upper: 0000000001000111, 0000001000110000, 0001000011000000, 0000000000000100, 0000000000100000, 0000000001000000, 0000001000000000, 0001000000000000, 
X_Lower: 0000000100001000, 0000100000000000, 0001000000000000, 0000001000000000, 0000000001000000, 0000000000100000, 0000000000000100, 0001000011000000, 0000001000110000, 
K_Upper: 00000000000100000000, 00000001000000000000, 00010000000000000000, 00000000000000000010, 00000000000000100000, 00000000001000000000, 00000010000000000000, 00100000000000000000, 
K_Lower: 00000000000001000000, 00000000000000000100, 00100000000000000000, 00000010000000000000, 00000000001000000000, 00000000000000100000, 00000000000000000010, 00010000000000000000, 00000001000000000000, 


