O2_8-5-8:
delta_upper = {0,0,0,0,14,0,0,0,0,0,0,0,0,0,0,0};
key_upper = {0,0,0,0,0,0,0,0,0,0,0,0,0,0,0,0,0,14,0,0};
delta_lower = {0,0,0,0,0,0,12,0,0,0,4,11,0,0,0,0};
key_lower = {0,0,0,0,0,0,0,14,0,0,0,0,0,0,0,0,0,0,0,0};

X_Upper: 000000000C0004BD,      0000E00000000000, 
K_Upper: 00000000000E00000000,  00000000000000000E00, 
X_Lower: 0000000E00004000,      000000C0004B0000, 
K_Lower: 0000000000000E000000,  0000000E000000000000, 

O2_7-6-8:
delta_upper = {0,0,0,14,0,0,0,0,0,0,0,0,0,0,0,0};
key_upper = {0,0,14,0,0,0,0,0,0,0,0,0,0,0,0,0,0,0,0,0};
delta_lower = {0,0,0,0,0,0,12,0,0,0,4,11,0,0,0,0};
key_lower = {0,0,0,0,0,0,0,14,0,0,0,0,0,0,0,0,0,0,0,0};

X_Upper: 000000000C0004BD,      000E000000000000, 
K_Upper: 00000000000E00000000,  00E00000000000000000, 
X_Lower: 0000000E00004000,      000000C0004B0000, 
K_Lower: 0000000000000E000000,  0000000E000000000000, 

O2_8-6-7:
delta_upper = {0,0,0,0,14,0,0,0,0,0,0,0,0,0,0,0};
key_upper = {0,0,0,0,0,0,0,0,0,0,0,0,0,0,0,0,0,14,0,0};
delta_lower = {0,0,0,4,0,0,0,0,14,4,0,0,0,0,0,0};
key_lower = {0,0,0,14,0,0,0,0,0,0,0,0,0,0,0,0,0,0,0,0};

X_Upper: 000000000C0004BD,      0000E00000000000, 
K_Upper: 00000000000E00000000,  00000000000000000E00, 
X_Lower: 0000000E00004000,      00040000E4000000, 
K_Lower: 0000000000000E000000,  000E0000000000000000, 

O2_7-7-7:
delta_upper = {0,0,0,14,0,0,0,0,0,0,0,0,0,0,0,0};
key_upper = {0,0,14,0,0,0,0,0,0,0,0,0,0,0,0,0,0,0,0,0};
delta_lower = {0,0,0,4,0,0,0,0,14,4,0,0,0,0,0,0};
key_lower = {0,0,0,14,0,0,0,0,0,0,0,0,0,0,0,0,0,0,0,0};

X_Upper: 000000000C0004BD,      000E000000000000, 
K_Upper: 00000000000E00000000,  00E00000000000000000, 
X_Lower: 0000000E00004000,      00040000E4000000, 
K_Lower: 0000000000000E000000,  000E0000000000000000, 

O2_7-8-6:
delta_upper = {0,0,0,14,0,0,0,0,0,0,0,0,0,0,0,0};
key_upper = {0,0,14,0,0,0,0,0,0,0,0,0,0,0,0,0,0,0,0,0};
delta_lower = {0,0,0,0,0,0,0,0,0,0,0,0,0,14,0,0};
key_lower = {0,0,0,0,0,0,0,0,0,0,0,0,0,0,0,0,0,0,14,0};

X_Upper: 000000000C0004BD,      000E000000000000, 
K_Upper: 00000000000E00000000,  00E00000000000000000, 
X_Lower: 0000000E00004000,      0000000000000E00, 
K_Lower: 0000000000000E000000,  000000000000000000E0, 